accuracy:0.5561097256857855
f1s:0.5455381476582766
[[ 9  9  5  0  0  8  1  0  0  0  4  3]
 [ 0 22  1  0  1  1  0  0  0  2  2  3]
 [ 0  1 28  0  1  4  1  0  0  0  0  1]
 [ 0  1  1 20  4  3  2  3  3  1  0  1]
 [ 0  0  2  1 23  1  2  2  0  1  3  3]
 [ 1  1  4  0  1 15  4  3  0  0  0  0]
 [ 1  3  2  0  1  7 13  3  1  1  0  0]
 [ 1  1  2  2  2  0  0 20  0  0  0  0]
 [ 0  2  2  1  0  0  0  0 16  5  3  2]
 [ 0  1  1  0  1  2  1  0  9 15  0  0]
 [ 0  1  0  0  1  0  0  1  0  0 31  0]
 [ 0  5  0  1  1  5  2  1  3  0  4 11]]