accuracy:0.7007481296758105
f1s:0.6968448025546491
[[23  4  0  0  0  7  1  0  1  0  1  2]
 [ 5 21  1  0  1  0  0  1  0  0  1  2]
 [ 0  1 34  0  1  0  0  0  0  0  0  0]
 [ 1  0  1 30  3  0  1  1  0  2  0  0]
 [ 1  0  1  4 30  0  0  0  0  2  0  0]
 [ 3  1  1  0  1 20  3  0  0  0  0  0]
 [ 1  0  1  3  2  8 17  0  0  0  0  0]
 [ 0  0  2  1  1  1  0 22  0  0  0  1]
 [ 0  3  0  0  0  0  0  0 19  5  3  1]
 [ 1  1  0  0  1  0  1  0  5 19  2  0]
 [ 0  1  0  0  0  0  0  0  2  1 29  1]
 [ 0  1  3  1  1  0  0  2  3  0  5 17]]